F0 contour sanity check
One example clip per exact keyword label

dance | sample_0001 | speaker1 | fully_unvoiced=False
raw:  [263.40, 214.59, 224.81, 222.39, 219.19, 234.37, 206.65, 174.27, 196.59, 193.82, 191.54, 193.53, 185.71, 195.11, 182.25, 290.91, 289.87, 222.97, 288.59, 343.92]
norm: [0.95, 0.11, 0.29, 0.25, 0.19, 0.45, -0.02, -0.58, -0.19, -0.24, -0.28, -0.25, -0.38, -0.22, -0.44, 1.41, 1.40, 0.26, 1.38, 2.32]

dance2 | sample_0001 | speaker2 | fully_unvoiced=False
raw:  [313.94, 292.14, 299.00, 287.91, 188.11, 165.50, 152.15, 116.89, 118.77, 117.98, 107.96, 108.00, 95.53, 101.27, 94.74, 122.58, 192.22, 295.94, 328.76, 348.00]
norm: [1.60, 1.38, 1.45, 1.33, 0.32, 0.09, -0.05, -0.41, -0.39, -0.39, -0.50, -0.50, -0.62, -0.56, -0.63, -0.35, 0.36, 1.42, 1.75, 1.94]

dance3 | sample_0001 | speaker3 | fully_unvoiced=False
raw:  [157.82, 151.60, 196.68, 179.72, 158.75, 149.34, 169.20, 104.43, 145.53, 117.93, 136.90, 109.77, 142.09, 111.30, 293.94, 366.58, 305.15, 287.89, 238.40, 224.30]
norm: [-0.25, -0.34, 0.26, 0.04, -0.24, -0.37, -0.10, -0.96, -0.42, -0.78, -0.53, -0.89, -0.46, -0.87, 1.56, 2.53, 1.71, 1.48, 0.82, 0.63]

dance4 | sample_0001 | speaker4 | fully_unvoiced=False
raw:  [210.06, 101.31, 197.31, 136.03, 117.98, 100.75, 135.58, 231.03, 151.62, 163.41, 277.33, 217.37, 163.99, 228.19, 232.96, 268.37, 138.75, 123.58, 84.48, 186.26]
norm: [0.65, -0.86, 0.48, -0.38, -0.63, -0.87, -0.38, 0.95, -0.16, 0.00, 1.59, 0.76, 0.01, 0.91, 0.97, 1.47, -0.34, -0.55, -1.10, 0.32]

dance5 | sample_0001 | speaker5 | fully_unvoiced=False
raw:  [295.79, 248.18, 282.82, 291.59, 295.48, 249.68, 194.46, 117.38, 115.51, 111.43, 106.79, 98.00, 98.39, 93.41, 108.18, 165.62, 207.03, 265.42, 302.56, 370.52]
norm: [1.46, 0.94, 1.32, 1.41, 1.46, 0.96, 0.36, -0.48, -0.50, -0.55, -0.60, -0.69, -0.69, -0.74, -0.58, 0.04, 0.49, 1.13, 1.53, 2.27]

dance6 | sample_0001 | speaker6 | fully_unvoiced=False
raw:  [248.26, 113.21, 232.61, 260.19, 144.82, 202.99, 184.94, 240.82, 225.56, 241.52, 218.40, 208.33, 177.57, 171.84, 164.06, 168.55, 157.28, 149.57, 298.72, 426.94]
norm: [0.68, -1.84, 0.39, 0.90, -1.25, -0.16, -0.50, 0.54, 0.26, 0.56, 0.13, -0.06, -0.64, -0.74, -0.89, -0.80, -1.01, -1.16, 1.62, 4.01]

sing | sample_0001 | speaker1 | fully_unvoiced=False
raw:  [323.50, 415.93, 392.19, 404.52, 397.41, 398.48, 391.53, 354.41, 293.88, 248.99, 208.88, 200.57, 200.07, 194.68, 196.10, 185.67, 193.40, 182.46, 198.13, 171.64]
norm: [1.97, 3.55, 3.14, 3.35, 3.23, 3.25, 3.13, 2.50, 1.47, 0.70, 0.01, -0.13, -0.14, -0.23, -0.20, -0.38, -0.25, -0.44, -0.17, -0.62]

sing2 | sample_0001 | speaker2 | fully_unvoiced=False
raw:  [301.54, 401.75, 388.28, 390.48, 395.80, 340.10, 350.07, 385.25, 401.76, 238.52, 104.29, 117.75, 113.43, 112.88, 106.93, 103.75, 103.23, 128.68, 217.86, 74.93]
norm: [1.47, 2.49, 2.35, 2.38, 2.43, 1.86, 1.97, 2.32, 2.49, 0.83, -0.53, -0.40, -0.44, -0.45, -0.51, -0.54, -0.54, -0.29, 0.62, -0.83]

sing3 | sample_0001 | speaker3 | fully_unvoiced=False
raw:  [244.60, 302.09, 291.51, 231.70, 222.69, 318.80, 288.31, 277.09, 245.24, 228.21, 195.07, 132.69, 134.84, 111.05, 151.45, 177.77, 123.03, 108.11, 115.37, 108.64]
norm: [0.90, 1.67, 1.53, 0.73, 0.61, 1.89, 1.48, 1.33, 0.91, 0.68, 0.24, -0.59, -0.56, -0.88, -0.34, 0.01, -0.72, -0.92, -0.82, -0.91]

sing4 | sample_0001 | speaker4 | fully_unvoiced=False
raw:  [211.40, 267.43, 369.99, 216.48, 133.12, 103.31, 115.89, 104.51, 174.77, 128.49, 202.79, 261.15, 205.46, 242.75, 249.39, 268.97, 240.44, 101.71, 126.91, 133.06]
norm: [0.67, 1.46, 2.89, 0.74, -0.42, -0.83, -0.66, -0.82, 0.16, -0.48, 0.55, 1.37, 0.59, 1.11, 1.20, 1.48, 1.08, -0.86, -0.51, -0.42]

sing5 | sample_0001 | speaker5 | fully_unvoiced=False
raw:  [149.77, 191.33, 139.99, 296.07, 314.23, 228.71, 242.33, 255.32, 269.42, 273.09, 130.95, 114.50, 110.81, 108.76, 100.61, 97.68, 88.59, 90.06, 86.65, 88.96]
norm: [-0.13, 0.32, -0.24, 1.46, 1.66, 0.73, 0.88, 1.02, 1.17, 1.21, -0.34, -0.52, -0.56, -0.58, -0.67, -0.70, -0.80, -0.78, -0.82, -0.79]

sing6 | sample_0001 | speaker6 | fully_unvoiced=False
raw:  [174.50, 139.91, 171.61, 192.18, 237.21, 238.24, 200.26, 165.77, 254.40, 252.91, 280.44, 179.74, 279.95, 282.99, 333.78, 289.59, 290.58, 243.60, 200.74, 191.17]
norm: [-0.69, -1.34, -0.75, -0.36, 0.48, 0.50, -0.21, -0.86, 0.80, 0.77, 1.28, -0.60, 1.27, 1.33, 2.28, 1.45, 1.47, 0.60, -0.20, -0.38]

